Q Matrisi
0 0 0 0 0 66,65 0 0 0 0 0 0 0 0 0 0 0 0 0 0 0 0 0 0 0 
0 0 0 0 0 0 80,48 0 0 0 0 0 0 0 0 0 0 0 0 0 0 0 0 0 0 
0 0 0 100,61 0 0 0 0 0 0 0 0 0 0 0 0 0 0 0 0 0 0 0 0 0 
0 0 80,48 0 0 0 0 0 130,18 0 0 0 0 0 0 0 0 0 0 0 0 0 0 0 0 
0 0 0 0 0 0 0 0 0 104,14 0 0 0 0 0 0 0 0 0 0 0 0 0 0 0 
53,32 0 0 0 0 0 0 0 0 0 83,32 0 0 0 0 0 0 0 0 0 0 0 0 0 0 
0 64,39 0 0 0 0 0 101,46 0 0 0 0 0 0 0 0 0 0 0 0 0 0 0 0 0 
0 0 0 0 0 0 80,48 0 130,18 0 0 0 0 0 0 0 0 0 0 0 0 0 0 0 0 
0 0 0 104,14 0 0 0 101,46 0 104,14 0 0 0 162,73 0 0 0 0 0 0 0 0 0 0 0 
0 0 0 0 83,32 0 0 0 130,18 0 0 0 0 0 0 0 0 0 0 0 0 0 0 0 0 
0 0 0 0 0 66,65 0 0 0 0 0 104,14 0 0 0 0 0 0 0 0 0 0 0 0 0 
0 0 0 0 0 0 0 0 0 0 83,32 0 130,18 0 0 0 83,32 0 0 0 0 0 0 0 0 
0 0 0 0 0 0 0 0 0 0 0 104,14 0 162,73 0 0 0 0 0 0 0 0 0 0 0 
0 0 0 0 0 0 0 0 130,18 0 0 0 130,18 0 0 0 0 0 203,41 0 0 0 0 0 0 
0 0 0 0 0 0 0 0 0 0 0 0 0 0 0 0 0 0 0 254,26 0 0 0 0 0 
0 0 0 0 0 0 0 0 0 0 0 0 0 0 0 0 83,32 0 0 0 53,32 0 0 0 0 
0 0 0 0 0 0 0 0 0 0 0 104,14 0 0 0 66,65 0 0 0 0 0 66,65 0 0 0 
0 0 0 0 0 0 0 0 0 0 0 0 0 0 0 0 0 0 203,41 0 0 0 0 0 0 
0 0 0 0 0 0 0 0 0 0 0 0 0 162,73 0 0 0 162,73 0 254,26 0 0 0 0 0 
0 0 0 0 0 0 0 0 0 0 0 0 0 0 203,41 0 0 0 203,41 0 0 0 0 0 317,82 
0 0 0 0 0 0 0 0 0 0 0 0 0 0 0 66,65 0 0 0 0 0 0 0 0 0 
0 0 0 0 0 0 0 0 0 0 0 0 0 0 0 0 83,32 0 0 0 0 0 0 0 0 
0 0 0 0 0 0 0 0 0 0 0 0 0 0 0 0 0 0 0 0 0 0 499,11 398,89 0 
0 0 0 0 0 0 0 0 0 0 0 0 0 0 0 0 0 0 0 0 0 0 498,61 0 319,11 
0 0 0 0 0 0 0 0 0 0 0 0 0 0 0 0 0 0 0 254,26 0 0 0 398,89 0 
